$ANSIBLE_VAULT;1.1;AES256
65393734633439396634323564323163363837323262333763316663353037666164366661363035
6430376164333031353363396232376237343437646636330a646136333939636633346263396466
65386337303132663938666634373363356239346466356535313838643531613261643931623065
3531373566653564330a363136643834303566353361303132313330383864303763393634636437
34653365656662373866653432323661363438366137353062313262383333626339393037393439
39646536373734636335313638316264653162356238653637353737666535303335373635333936
34616235356236346664633934366335323933363733353131666636646436323435383035356564
62633366343133303562663133343361616335616563643661363164646564303862356636353663
63366362373230613838656430383735346332376364393635663437363339353139333563663763
39636338613365363633353231356135643236366634356462646433633331303264316432343966
35373135343239353639353035306331363739633238343066396562633962333838613438383835
32633030353164346166666233353831343033386466313464383435316535313636313465353531
63613965653136663034303064643332353962653638346332353864316430303433346530323339
64343366653363323564393837633430373033346134383432333830363735393463386464626566
63323237376631656362643037646331306266613032623764656561613433646163323666343131
61363839356639323665326430383264343934616464373937613961343334666434396563353331
31346532356233623662646235383939373534653639383938303262393132363564626232343038
6434656562386639653266393032626162653763393665613436
